00000000000000000000000000000000000000000000000000
00000000000000000000000000000000000000000000000000
00000000000000000000000000000000000000000000000000
00000000000000000000000000000000000000000000000000
00111111110000000000000000000000000000000000000000
00111111110000000000000000000000000000000000000000
00111111110000000000000000000000000000000000000000
00111111110000000000000000000000000000000000000000
00111111110000000000000000000000000000000000000000
00111111110000000000001111111111110000000000000000
00111111110000000000001111111111110000000000000000
00111111110000000000001111111111110000000000000000
00000000000000000000001111111111110000000000000000
00000000000000000000001111111111110000000000000000
00000000000000000000000000000000000000000000000000
00000000000000000000000000000000000000000000000000
00000000000000000000000000000000000000111111000000
00000000000000000000000000000000000000111111000000
00000000000111100000000000000000000000111111000000
00000000000111100000000000000000000000111111000000
00000000000111100000000000000000000000111111000000
00000000000111100000000000000000000000000000000000
00000000000111100000000000000000000000000000000000
00000000000111100000000000000000000000000000000000
00000000000111100000000000000000000000000000000000
00000000000111100000001111110000000000000000000000
00000000000111100000001111110000000000000000000000
00000000000111100000001111110000000000000000000000
00000000000000000000001111110000000000000000000000
00000000000000000000001111110000000000000000000000
00000000000000000000001111110000000000000000000000
00000000000000000000000000000000000111110000000000
00000000000000000000000000000000000111110000000000
00000000000000000000000000000000000111110000000000
00000000000000000000000000000000000111110000000000
00000000000000000000000000000000000111110000000000
00000000000000000000000000000000000111110000000000
00000000000000000000000000000000000111110000000000
00000000000000000000000000000000000111110000000000
00000000111111111110000000000000000111110000000000
00000000111111111110000000000000000111110000000000
00000000111111111110000000000000000000000000000000
00000000111111111110000000000000000000000000000000
00000000111111111110000000000000000000000000000000
00000000111111111110000000000000000000000000000000
00000000111111111110000000000000000000000000000000
00000000111111111110000000000000000000000000000000
00000000000000000000000000000000000000000000000000
00000000000000000000000000000000000000000000000000
00000000000000000000000000000000000000000000000000