111111111111111111111111111111111111111111111111111111111111111111111111111111111111111111111111111111111111111111111111111111111111111111111111111111111111111111111111111111111111111111111111111111111111111111111111111111111111111111111111111111111111111111111111111111111111111111111111111111111111111111111111111111111111111111111111111111111111111111111111111111111111111111111111111111111111111111111111111111111111111111111111111111
111111111111111111111111111111111111111111111111111111111111111111111111111111111111111111111111111111111111111111111111111111111111111111111111111111111111111111111111111111111111111111111111111111111111111111111111111111111111111111111111111111111111111111111111111111111111111111111111111111111111111111111111111111111111111111111111111111111111111111111111111111111111111111111111111111111111111111111111111111111111111111111111111111
111111111111111111111111111111111111111111111111111111111111111111111111111111111111111111111111111111111111111111111111111111111111111111111111111111111111111111111111111111111111111111111111111111111111111111111111111111111111111111111111111111111111111111111111111111111111111111111111111111111111111111111111111111111111111111111111111111111111111111111111111111111111111111111111111111111111111111111111111111111111111111111111111111
111111111111111111111111111111111111111111111111111111111111111111111111111111111111111111111111111111111111111111111111111111111111111111111111111111111111111111111111111111111111111111111111111111111111111111111111111111111111111111111111111111111111111111111111111111111111111111111111111111111111111111111111111111111111111111111111111111111111111111111111111111111111111111111111111111111111111111111111111111111111111111111111111111
111111111111111111111111111111111111111111111111111111111111111111111111111111111111111111111111111111111111111111111111111111111111111111111111111111111111111111111111111111111111111111000000000000000000000000000000000000000000000000000000000000000000000000000000000000000000000000000000000000000000000000000000000000000000000000000000000000000000000000000000000000000000000000000000000000000000000000000000000011111111111111111111111111
111111111111111111111111111111111111111111111111111111111111111111111111111111111111111111111111111111111111111111111111111111111111111111111111111111111111111111111111111111111111111110000000000000000000000000000000000000000000000000000000000000000000000000000000000000000000000000000000000000000000000000000000000000000000000000000000000000000000000000000000000000000000000000000000000000000000000000000000000000011111111111111111111111
111111111111111111111111111111111111111111111111111111111111111111111111111111111111111111111111111111111111111111111111111111111111111111111111111111111111111111111111111111111111111111111111111111111111111110000000000000000000000000000000000000000000000000000000000000000000000000000000000000000000000000000000000000000000000000000000000000000000000000000000000000000000000000000000000000000000000000000000000000001111111111111111111111
111111111111111111111111111100000000001111111111111111111111111111111111111111111111111111111111111111111111111111111111111111111111111111111111111111111111111111111111111111111111111000000000000000000000000111000000000000000000000000000000000000000000000000000000000000000000000000000000000000000000000000000000000000000000000000000000000000000000000000000000000000000000000000000000000000000000000000000000000000000011111111111111111111
111111111111111111111111000000000000001111111111111111111111111111111111111111111111111111111111111111111111111111111111111111111111111111111111111111111111111111111111111111111111111000000000000000000000000011100000000000000000000000000000000000000000000000000000000000000000000000000000000000000000000000000000000000000000000000000000000000000000000000000000000000000000000000000000000000000000000000000000000000000001111111111111111111
111111111111111111111100000000000001111111111111111111111111111111111111111111111111111111111111111111111111111111111111111111111111111111111111111111111111111111111111111111111111111000000000000000000000000001111111111111111111111111111111111111111111111111111111111111111110000000000000000000000000000000000000001111111111111111111111111111111111111111111111111111111111111111111111111111111110000000000000000000000000111111111111111111
111111111111111111110000000000011111111111111111111111111111111111111111111111111111111111111111111111111111111111111111111111111111111111111111111111111111111111111111111111111111111000000000000000000000000000011111111111111111111111111111111111111111111111111111111111111111100000000000000000000000000000000000011100000000000000000000000000000000000000000000000000000000000000000000000000001111000000000000000000000000011111111111111111
111111111111111111100000000000111111111000000000010000001100000110000001000000110000011000000100000011000001100000011000000100000011000001100000010000001100000110000001000000110000001000000000000000000000000000000000000000000000000000000000000000000000000000000000000000000001110000000000000000000000000000000001110000000000000000000000000000000000000000000000000000000000000000000000000000000011100000000000000000000000001111111111111111
111111111111111111000000000011111111111000000000010000001100000110000001000000110000011000000100000011000001100000011000000100000011000001100000010000001100000110000001000000110000001000000000000000000000000000000000000000000000000000000000000000000000000000000000000000000000111000000000000000000000000000000011100000000000000000000000000000000000000000000000000000000000000000000000000000000000110000000000000000000000000111111111111111
111111111111111110000000000111110000001000000000010000001100000110000001000000110000011000000100000011000001100000011000000100000011000001100000010000001100000110000001000000110000001000000000000000000000000000000000000000000000000000000000000000000000000000000000000000000000001110000000000000000000000000000111000000000000000000000000000000000000000000000000000000000000000000000000000000000000111000000000000000000000000111111111111111
111111111111111100000000001111100000001000000000010000001100000110000001000000110000011000000100000011000001100000011000000100000011000001100000010000001100000110000001000000110000001000000000000000000000000000000000000000000000000000000000000000000000000000000000000000000000000111000000000000000000000000001110000000000000000000000000000000000000000000000000000000000000000000000000000000000000011011111111100000000000000011111111111111
111111111111111000000000001111000000001000000000010000001100000110000001000000110000011000000100000011000001100000011000000100000011000001100000010000001100000110000001000000110000001000000000000000000000000000000000000000000000000000000000000000000000000000000000000000000000000011111111111111111111111111111100000000000000000000000000000100111111111111111111111111111111111111111110000000000000011011111111111111000000000001111111111111
111111111111110000000000011110000000001000000000010000001100000110000001000000110000011000000100000011000001100000011000000100000011000001100000010000001100000110000001000000110000001000000000000000000000000000000000000000000000000000000000000000000000000000000000000000000000000000000000000000000000000000000000000000000000000000000000000100000000000000000000000000000000000000000110000000000000011011111111111111000000000001111111111111
111111111111100000000000111100000000001000000000010000001100000110000001000000110000011000000100000011000001100000011000000100000011000001100000010000001100000110000001000000110000001000000000000000000000000000000000000000000000000000000000000000000000000000000000000000000000000000000000000000000000000000000000000000000000000000000000000100000000000000000000000000000000000000000110000000000000011011111111111111000000000000111111111111
111111111111000000000001111000000000001000000000010000001100000110000001000000110000011000000100000011000001100000011000000100000011000001100000010000001100000110000001000000110000001000000000000000000000000000000000001110111111011111111111111111110011111111111111111111111110000000000000000000000000000000000000001111111111111111100111111100000000000000000000000000000000000000000110111111000000011011111111111111000000000000111111111111
111111111111000000000001110000000000001000000000010000001100000110000001000000110000011000000100000011000001100000011000000100000011000001100000010000001100000110000001000000110000001000000000011000000000000000000000011110111111011111111111111111110011111111111111111111111111000000000000000000000000000000000000011000000000000000000110000100000000000000000000000000000000000000000110000001000000011011111111100000000000000000011111111111
111111111110000000000011110000000000001111000000010000001100000110000001000000110000011000000100000011000001100000011000000100000011000001100000010000001100000110000001000000110000001000000001111000000000000000000000111110001111000000011000000000000000000000000000000000111111100000000000000000000000000000000000110000000000000000000110000100000000000000000000000000000000000000000110000001000000011000000000000000000000000000011111111111
111111111100000000000111110000000000001111000000010001111111100110001111111000110011111111000100011111111001100011111111000100011111111001100011111110001100111111110001000111111110001000000011111100000000000000000001110110001110000111111000000000000000000000000000000001111111110000000000000000000000000000000001100000000000000000000110000100000000000000000000000000000000000000000110000001000000011111100000000000000000000000001111111111
111111111100000000000111110000000000001011000000010001111111100110001111111000110011111111000100011111111001100011111111000100011111111001100111111110001100111111110001000111111110001000000001111100000000000000000001100110001110000111111000000000000000000000000000000001111111111000000000000000000000000000000001000000000000000000000110000100000000000000000000000000000000000000000110000001000000001111100000000000000000000000001111111111
111111111000000000001111111110000000001000000000010000000000000110000000000000110000000000000100000000000001100000000000000100000000000001100000000000001100000000000001000000000000001000000011111100000000000000000100000110001110000000011000000000000000000000000000000000111111111000000000000000000000000000000100000000000000000000000110000000000000000000000000000000000000000000000110000001000000000001100000000000000000000000000111111111
111111111000000000001111111110100000001001001000011101000000101111011000001001111010000001011111010000001011111010000001011110010000001011110110000011011110100000010111110100000010111000000011111000000001111111111100000111111111111111111000000000000000000000000000000000011111100011000000000000000000000000001100000000000000000000000110000100000000000000000000000000000000000000000110000001000000000000000000000000000000000000000111111111
111111110000000000011111110000110000001001001000011101000000101111011000001001111010000001011111010000001011111010000001011110010000001011110110000011011110100000010111110100000010111000000111111000000011111111111100000111111111111111111000000000000000000000000000000000001111000011011111111111111111110111011000000000000000000000000110000100000000000000000000000000000000000000000110000001000000000000000000000000000000000000000111111111
111111110000000000011111110000110000001111001111111101111111101111011111111001111011111111011111011111111011111011111111011110011111111011110111111111011110111111110111110111111110111000000011110000000011000000000000000000000000000000001000000000000000000000000000000000001110000011000000000000000000000100011000000000000000000000000110000100000000000000000000000000000000000000000110000001000000000001100000000000000000000000000011111111
111111100000000000111111110000110000001111001111111001111111101111011111111001111011111111001110011111111011110011111111001110011111111011110111111111011110111111110111110111111110111000000001110000000011000000000000000000000000000000001000000000000000000000000000000000011100000011000000000000000000000100011000000000000000000000000110000100000000000000000000000000000000000000000110000001000000000001100000000000000000000000000011111111
111111100000000000111111110000110000001000000000000000000000000000000000000000000000000000000000000000000000000000000000000000000000000000000000000000000000000000000000000000000000000000000000000000000011000000000000000000000000000000001000000000000000000000000000000000111000000011000000000000000000000100011000000000000000000000000110000100000000000000000000000000000000000000000110000001000000000001100000000000000000000000000011111111
111111100000000000111111111111110111111001111110111101111111101111011111111001111011111111001111011110000000000000000000001110111111110011111110111111011110111111110011110111111110111000000000000000000011000000000000000000000000000000001000000000000000000000000000000000110000000011000000000000000000000100011000000000000000000000000110000100000000000000000000000000000000000000000111111111000000000011000000000000000000000000000001111111
111111000000000000111111111111110111111001111110111101111111101111011111111101111011111111011111011111000000111111111100001110111111111011111110111111011110111111110111110111111110111000000000000000000011000000000000000000000000000000001000000000000000000000000000000000111111111111110000000000000000000100011000000000000000000000000110000100000000000000000000000000000000000000000111111111000000000011000000000000000000000000000001111111
111111000000000000000000000000000000000001100110111101000000101111011000001101111010000001011111010011000000100000000000001110100000011011100000110011011110100000010111110100000010111000000000000000000011000000000000000000000000000000001000000000000000000000000000000000111111111111110000000000000000000100011000000000000000000000000111111111111000000000000000000000000000000000000111111111000000000011000000000000000000000000000001111111
111111000000000000000000000000000000000001100110111101000000101111011000001101111010000001011111010011000000000000000000001110100000011011100000110011011110100000010111110100000010111000000000000000000011000000000000000000000000000000001000000000000000000000000000000000111111111111110000000000000000000100011000000000000000000000000010000000001000000000000000000000000000000000000111111111000000000110000000000000000000000000000001111111
111110000000000001111111111111111111111001100000011000000000000110000000000000110000000000000100000011000000000000000000001100000000000001100000010000001100000000000001100000000000001000000000000000000011000000000000000000000000000000001000000000000000000000000000000000111111111110110000000000000000000100011000000000000000000000000010000000001000000000000000000000000000000000000111111111000000000110000000000000000000000000000000111111
111110000000000011111111111111111111111001111100011001111111100110001111111000110011111111000100011111011111100000000000001100111111110001100000011111001100011111110001100111111110001000000000000000000011000000000000000000000000000000001000000000000000000000000000000000111111111110110000000000000000000100011000000000000000000000000010000000001000000000000000000000000000000000000111111111000000001100000000000000000000000000000000111111
111110000000000011100000000000010000011001111100011001111111100110001111111000110011111111000100011111011111100000000000001100011111110001100000011111001100011111110001100111111110001000000000000000000011000000000000000000000000000000001000000000000000000000000000000000111111111000110000000000000000000100011000000000000000000000000010000000001000000000000000000000000000000000000111111111000000001100000000000000000000000000000000111111
111110000000000011100000000000010000011001100000011000001100000110000001000000110000011000000100000011011111100000000000001100000110000001100000011000001100000010000001100000110000001000000000000000000011000000000000000000000000000000001000000000000000000000000000000000111111111000110000000000000000000100011000000000000000000000000010000000001000000000000000000000000000000000000111111111000000001100000000000000000000000000000000111111
111100000000000011000000000000000000011001100000011000001100000110000001000000110000011000000100000011011111111111111110001100000110000001100000011000001100000010000001100000110000001000000000000000000011111111111111111100000000000000001000000000000000000000000000000000111111111000111111111111111111111111111111111100000000000000000010000000001000000000000000000000000000000000000111111111000000001000000000000000000000000000000000111111
111100000000000111000000000000001000011001100000011000001100000110000001000000110000011000000100000011011111111111111110001100000110000001100000011000001100000010000001100000110000001000000000000000000011111111111111111100000000000000001000000000000000000000000000000000110000001000111111111111111111111111111111111100000000000000000010000000001000000000000000000000000000000000000111111111000000011000000000000000000000000000000000011111
111100000000000111000000000000001111111001100000011000001100000110000001000000110000011000000100000011011111111111111111001100000110000001100000011000001100000010000001100000110000001000000000000000000011111111111111111111100000000000001000000000000000000000000000000000110000001000111111111111111111111111111111111100000000000000000010000000001000000000000000000000000000000000000111111111000000011000000000000000000000000000000000011111
111100000000000111000000000000000000010001100000011000001100000110000001000000110000011000000100000011011111111111111110001100000110000001100000011000001100000010000001100000110000001000000000000000000011111111111111111100100000000000001000000000000000000000000000000000110000001000111111111111111111111111111111111100000000000000000010000000001000000000000000000000000000000000000111111111000000011000000000000000000000000000000000011111
111100000000000111000000000000000000000001100000011000001100000110000001000000110000011000000100000011011111111111111110001100000110000001100000011000001100000010000001100000110000001000000000000000000011111111111111111100000000000000001000000000000000000000000000000000110000001000111111111111111111111111111111111100000000000000000010000000000000000000000000000000000000000000000111111111000000010000000000000000000000000000000000011111
111100000000000111000000000000000000011001100000011000001100000110000001000000110000011000000100000011011111111111111111001100000110000001100000011000001100000010000001100000110000001000000000000000000011111111111111111100100000000000001000000000000000000000000000000000000000001000111111111111111111111111111111111100000000000000000010000000000000000000000000000000000000000000000111111111000000110000000000000000000000000000000000011111
111000000000000111111111111111111111111001111111111111111111111111111111111111111111111111111111111111011111111111111111001100000110000001100000011111111111111111111111111111111111111000000000000000000011111111111111111100111111111111111000000000000000000000000000000000110000001000111111111111111111111111111111111100000011111111111111110000001000000000000000000001111111111110000111111111000000110000000000000000000000000000000000011111
111000000000000111111111111111111111111001111111111111111111111111111111111111111111111111111111111111011111111111111110001111111111111111100000011111111111111111111111111111111111111000000000000000000011111111111111111100111111111111111000000000000000000000000000000000111111111000111111111111111111111111111111111100000011111111111111110000001000000000000000000011111111111110011111111111000000110000000000000000000000000000000000011111
111000000000000110000000000011000110010001111111111111111111111110001100000000000000000000000000000011000000111111111110000000000000000000000000000000000000000000000000000000000000001000000000000000000011100000000000000000001111111111111000000000000000000000000000000000111111111000111111111111111111111111111111111111111111111111111111110000001000000000000000000011000000001100000000000011000000110000000000000000000000000000000000011111
111000000000000110000000000011000000010000000000000000000000000110001100000000000000000000000000000011000000100001100000000000000000000000000000000000000000000000000000000000000000001000000000000000000011100000000000000000001111111111111000000000000000000000000000000000111111111000111111111111111111111111111111110111111111000000000000110000001000000000000000000011000000001100000000000011000000110000000000000000000000000000000000011111
111000000000000110000000000011000000010000000000000000000000000110001100000000000000000000000000000011000000100001100000000000000000000000000000000000000000000000000000000000000000001000000000000000000011100000000000000000001111111111111000000000000000000000000000000000111111111000111111111111111111111111111111110000000011000000000000110000001000000000000000000011000000001100000000000011000000100000000000000000000000000000000000001111
111000000000000110000000000011000110010000000000000000000000000110001100000000000000000000000000000011000000100001100000000000000000000000000000000000000000000000000000000000000000001000000000000000000011100000000000000000001111111111111000000000000000000000000000000000111111111000111111111111111111111111111111110000000011000000000000110000001111100000000000000011000000001100000000000011000000100000000000000000000000000000000000001111
111000000000001110000000000011000110010000000000000000000000000111101100000000000000000000000000000000000000000001100000000000000000000000000000000000000000000000000000000000000000001000000000000000000000000000000000000000001111111111111000000000000000000000000000000000111111111000111111111111111111111111111111110000000011000000000000110000001111100000000000000011000000001100000000000011000000100000000000000000000000000000000000001111
111000000000001110000000000011000110000000000000000000000000000111101100000000000000000000000000000011000000100001100000000000000000000000000000000000000000000000000000000000000000001000000000000000000000000000000000000000001111111111111000000000000000000000000000000000111111111000111111111111111111111111111111110000000011000000000000110000001111100000000000000011000000001100000000000011000000100000000000000000000000000000000000001111
111000000000001110000000000011000110000000000000000000000000000000000000000000000000000000000000000011000000111111100000000000000000000000000000000000000000000000000000000000000000001000000000000000000000000000000000000000001111111111111000000000000000000000000000000000111111111000111111111111111111111111111111111111110011110001111110110000001111100000000000000011000000000000000000000011000000100000000000000000000000000000000000001111
111000000000001110000000011111111110000000000000000000000000000111101100000000111111111111111111111111000000000001100000000000000000000000000000000000000000000000000000000000000000001000000000000000000000000000000000000000000000000000000000000000000000000000000000000000111111111000111111111111111111111111111000111111110011110001111110110000001111100000000000000011000000000000000000000011000000100000000000000000000000000000000000001111
111000000000000110000000011111111110010000000000000000000000000110000100000000110000000000000000000011000000100001100000000000000000000000000000000000000000000000000000000000000000001000000000000000000000000000000000000000000000000000000000000000000000000000000000000000000001111000111111111111111111111111111000000000000000000000000000000000001111100000000000000011000000001100000000000011000000100000000000000000000000000000000000001111
111000000000000110000000011111111111010000000000000000000000000110000100000000110000000000000000000000000000100001100000000000000000000000000000000000000000000000000000000000000000001000000000000000000011100000000000000000000000000000000000000000000000000000000000000000111111111000111111111111111111111111111000001111111110010000000000000000001100100000000000000011000000001100000000000011000000100000000000000000000000000000000000001111
111000000000000110000000011111111110010000000000000000000000000110000100000000110000000000000000000011000000100001100000000000000000000000000000000000000000000000000000000000000000001000000000000000000011100000000000000000000000000000000000000000000000000000000000000000111111111000111111111111111111111111111000001111111110010000000000000000001100100000000000000011000000001100000000000011000000100000000000000000000000000000000000001111
111000000000000110000000001111111110010000000000000000000000000110000100000000110000000000000000000011000000100001100000000000000000000000000000000000000000000000000000000000000000001000000000000000000011100000000000000000000000000000000000000000000000000000000000000000000001111000111111111111111111111111111000001111111111010000000000000000000000100000000000000011000000001100000000000011000000100000000000000000000000000000000000001111
111000000000000110000000000000000000010001111111111111111111111110000100000000110000000000000000000011000000111111111110001111111111111111100000000000000000000000000000000000000000001000000000000000000011111111111111111111111111111111111000000000000000000000000000001111111111111000111111111111111111111111111000001111111111011111111110110000001111111111111000000011111111111100011111111111000000110000000000000000000000000000000000011111
111000000000000111111111111111111111111001111111111111111111111111111111111111111111111111111111111111011111111111111110001111111111111111100000011111111111111111111111111111111111111000000000000000000011111111111111111111111111111111111000000000000000000000000000001111111111111000111111111111111111111111111111111111111111111111111110110000011111111111111000011111111111111111111111111111000000110000000000000000000000000000000000011111
111000000000000111111111111111111111111001111111111111111111111111111111111111111111111111111111111111011111111111111110001100000011000001100000011111111111111111111111111111111111111000000000000000000011111111111111111100000011111111111000000000000000000000000000001111111111111000111111111111111111111111111000000000000000000000000110110000011111111111000000000000000011111111111111111111000000110000000000000000000000000000000000011111
111100000000000111000000000000000000011001100000011000001100000110000001000000110000011000000100000011011111111111111110001100000011000001100000011000001100000110000001100000110000001000000000000000000011111111111111111100000011111111111000000000000000000000000000001111111111111000111111111111111111111111111000000000000000000000000110110000000000000011000000000000000000000000111111111111000000110000000000000000000000000000000000011111
111100000000000111000000000000000000000001100000011000001100000110000001000000110000011000000100000011011111111111111110001100000011000001100000011000001100000110000001100000110000001000000000000000000011111111111111111100000011111111111000000000000000000000000000001111111111111000111111111111111111111111111000000000000000000000000110110000000000000011000000000000000000000000111111111111000000110000000000000000000000000000000000011111
111100000000000111000000000000001111110001100000011000001100000110000001000000110000011000000100000011011111111111111110001100000011000001100000011000001100000110000001100000110000001000000000000000000011111111111111111100000011111111111000000000000000000000000000001111111111111000111111111111111111111111111000000000000000000000000110110000000000000000000000000000000000000000111111111111000000110000000000000000000000000000000000011111
111100000000000111000000000000001111111001100000011000001100000110000001000000110000011000000100000011011111111111111110001100000011000001100000011000001100000110000001100000110000001000000000000000000011111111111111111100000011111111111000000000000000000000000000001111111111111000111111111111111111111111111000000000000000000000000110110000000000000000000000000000000000000000111111111111000000010000000000000000000000000000000000011111
111100000000000011000000000000001000011001100000011000001100000110000001000000110000011000000100000011011111111111111110001100000011000001100000011000001100000110000001100000110000001000000000000000000011111111111111111100000011111111111000000000000000000000000000000110001111111000111111111111111111111111111000000000000000000000000110110000000001111111111000011111111111111111111111111111000000011000000000000000000000000000000000011111
111100000000000011000000000000000000011001100000011000001100000110000001000000110000011000000100000011011111111111111110001100000011000001100000011000001100000110000001100000110000001000000000000000000011111111111111111100000011111111111100000000000000000000000000000110001111111000111111111111111111111111111000000000000000000000000110111101111101111111111000011111111111111111111111111111000000011000000000000000000000000000000000011111
111110000000000011100000000000010000011001100000011000001100000110000001000000110000011000000100000011011111100000000000001100000011000001100000011000001100000110000001100000110000001000000000000000000011000000000000000000000011111111111100000000000000000000000000000110001111111000000110000001000000110000011000000000000000000000000110111100111100000000000000000000000000000000000110000001000000011000000000000000000000000000000000111111
111110000000000011100000000000010000011001111100011001111111100110001111111000110011111111000100011111011111100000000000001100011111111001100000011111001100111111110001100111111110001000000000000000000011000000000000000000000000011100000000000000000000000000000000000110001111111000000110000001000000110000011000000000000000000000000110110000001100000000000000000000000000000000000110000001000000001100000000000000000000000000000000111111
111110000000000011111111111111111111111001111100011001111111100110001111111000110011111111000100011111011111100000000000001100011111111001100000011111001100111111110001100111111110001000000000000000000011000000000000000000000000011111111100000000000000000000000000000110001111111000000110000001000000110000011000000000000000000000000110110000001100000000000000000000000000000000000110000001000000001100000000000000000000000000000000111111
111110000000000001111111111111111111111001100000011000000000000110000000000000110000000000000100000011000000000000000000001100000000000001100000010000001100000000000001100000000000001000000000000000000011000000000000000000000000011111111100000000000000000000000000000110001111111000000110000001000000110000011000000000000000000000000110110000001100000000000000000000000000000000000110000001000000001100000000000000000000000000000000111111
111111000000000000000000000000000000000001100100111101000000101111011000001101111010000001011110110011000000000000000000001110110000011011100110010001011110100000011011110100000010111000000000000000000011000000000000000000000000011100000000000000000000000000000000000110001111111000000110000001000000110000011000000000000000000000000110110000001100000000000000000000000000000000000110000001000000000110000000000000000000000000000000111111
111111000000000000100000000000000000000001100100111101000000101111011000001101111010000001011110110011000000111111111000001110110000011011100110110001011110100000011011110100000010111000000000000000000011000000000000000000000000011111111100000000000000000000000000000110111111111111000110000001000000110000011000000000000000000000000110110000001100000000000000000000000000000000000110000001000000000110000000000000000000000000000001111111
111111000000000001111111111111100011111001111100111101111111101111011111111101111011111111011110111111000000111111111000001110111111111011111110111111011110111111111011110111111110111000000000000000000000000000000000000000000000011111111100000000000000000000000000000110111111111111000110000001000000110000011000000000000000000000000110110000001100000000000000000000000000000000000110000001000000000110000000000000000000000000000001111111
111111100000000000111111110000000000001000000000000000000000000000000000000000000000000000000000000000000000000000000000000000000000000000000000000000000000000000000000000000000000000000000000000000000011000000000000000000000000011100000000000000000000000000000000000000000000000011000110000001000000110000011000000000000000000000000110110000001100000000000000000000000000000000000110000001000000000011000000000000000000000000000001111111
111111100000000000111111110000000000001000000000000000000000000000000000000000000000000000000000000000000000000000000000000000000000000000000000000000000000000000000000000000000000000000000000000000000011000000000000000000000000011100000000000000000000000000000000000000000000000000000110000001000000110000011000000000000000000000000110110000001100000000000000000000000000000000000110000001000000000011000000000000000000000000000001111111
111111100000000000011111110000000000001111101111111101111111101111011111111101111011111111011111011111111011111011111111011111011111111011110111111111011110111111111011110111111110111000000001110000000011000000000000000000000000011100001100000000000000000000000000000000000000000000000110000001000000110000011000000000000000000000000110110000001100000000000000000000000000000000000110000001000000000011000000000000000000000000000011111111
111111110000000000011111110000000000001111101111111101111111101111011111111101111011111111011111011111111011111011111111011111011111111011110111111111011110111111111011110111111110111000000011110000000011001111111111111111110001111111111100000000000000000000000000000000000000000011000110000001000000110000011000000000000000000000000110110000001100000000000000000000000000000000000110000001000000000011000000000000000000000000000011111111
111111110000000000011111110000000000001001101000011101000000101111011000001101111010000001011111010000001011111010000001011111010000001011110110000011011110100000011011110100000010111000000111111000000011111111111111111111111011111111111100000000000000000000000000000000000000000111100110011111111011110111111100000000000000000000000110110000001100000000000000000000000000000000000110000001000000000000000000000000000000000000000011111111
111111111000000000001111110000000000001000000000010001000000100110001000001100110010000001000100010000001001100010000001000100010000001001100110000001001100100000010001000100000010001000000011111000000000000000001110000000011011111111111100000000000000000000000000000000000000001110000000000000000000000000001110000000000000000000000110111111111100000000000000000000000000000000000110000001000000000000000000000000000000000000000111111111
111111111000000000001111110000000000001011000000010000000000000110000000000000110000000000000100000000000001100000000000000100000000000001100000000000001100000000000001000000000000001000000011111100000000000000000111000000011011000111111100000000000000000000000000000000000000011100000000000000000000000000000110000000000000000000000110111111111100000000000000000000000000000000000110000001000000000011000000000000000000000000000111111111
111111111100000000000111110000000000001011000000010001111111100110001111111000110011111111000100011111111001100011111111000100011111111001100011111110001100111111110001000111111110001000000001111100000000000000000011100000011011000111111100000000000000000000000000000000000000111000000000000000000000000000000001100000000000000000000110000000001100000000000000000000000000000000000110000001000000011111000000000000000000000000000111111111
111111111100000000000111110000000000001111000000010001111111100110001111111000110001111111000100011111110001100011111111000100011111110001100011111110001100111111110001000111111110001000000011111100000000000000000001110000011011000000001100000000000000000000000000000000000001110000000000000000000000000000000001110000000000000000000110000111111100000000000000000000000000000000000110000001000000010000000000000000000000000000001111111111
111111111110000000000011110000000000001000000000010000001100000110000001000000110000011000000100000011000001100000011000000100000011000001100000010000001100000110000001000000110000001000000000111000000000000000000000011000011011000000001100000000000000000000000000000000000011100000000000000000000000000000000000111000000000000000000110000000011100000000000000000000000000000000000110000001000000010000000000000000000000000000001111111111
111111111111000000000001110000000000001000000000010000001100000110000001000000110000011000000100000011000001100000011000000100000011000001100000010000001100000110000001000000110000001000000000011000000000000000000000001100111011001111111111111111110011111111111111111111111111000000000000000000000000000000000000011111111111111111100110011110011100000000000000000000000000000000000111110111000000010000000000000000000000000000011111111111
111111111111000000000000111000000000001000000000010000001100000110000001000000110000011000000100000011000001100000011000000100000011000001100000010000001100000110000001000000110000001000000000000000000000000000000000000110111011011111111111111111110011111111111111111111111110000000000000000000000000000000000000001111111111111111101110011110011100000000000000000000000000000000000111110111000000010011111111111111000000000000011111111111
111111111111100000000000111100000000001000000000010000001100000110000001000000110000011000000100000011000001100000011000000100000011000001100000010000001100000110000001000000110000001000000000000000000000000000000000000000000000000000000000000000000000000000000000000000000000000000000000000000000000000000000000000000000000000000000000000110011111111111111111111111111111111111111110000000000000010011111111111111000000000000111111111111
111111111111110000000000011110000000001000000000010000001100000110000001000000110000011000000100000011000001100000011000000100000011000001100000010000001100000110000001000000110000001000000000000000000000000000000000000000000000000000000000000000000000000000000000000000000000000001111111111111111111111111111000000000000000000000000000000111111111111111111111111111111111111111111110000000000000010011111111111111000000000000111111111111
111111111111111000000000001111000000001000000000010000001100000110000001000000110000011000000100000011000001100000011000000100000011000001100000010000001100000110000001000000110000001000000000000000000000000000000000000000000000000000000000000000000000000000000000000000000000000111111111111111111111111111111100000000000000000000000000000111111111111111111111111111111111111111111110000000000000010011111111111111000000000001111111111111
111111111111111100000000000111100000001000000000010000001100000110000001000000110000011000000100000011000001100000011000000100000011000001100000010000001100000110000001000000110000001000000000000000000000000000000000000000000000000000000000000000000000000000000000000000000000001110000000000000000000000000000110000000000000000000000000000000000000000000000000000000000000000000000000000000000000110011111111100000000000000011111111111111
111111111111111110000000000011110000001000000000010000001100000110000001000000110000011000000100000011000001100000011000000100000011000001100000010000001100000110000001000000110000001000000000000000000000000000000000000000000000000000000000000000000000000000000000000000000000011100000000000000000000000000000011100000000000000000000000000000000000000000000000000000000000000000000000000000000001110000000000000000000000000011111111111111
111111111111111111000000000001111111111000000000010000001100000110000001000000110000011000000100000011000001100000011000000100000011000001100000010000001100000110000001000000110000001000000000000000000000000000000000000000000000000000000000000000000000000000000000000000000001111000000000000000000000000000000001110000000000000000000000000000000000000000000000000000000000000000000000000000000011100000000000000000000000000111111111111111
111111111111111111100000000000111111111000000000010000001100000110000001000000110000011000000100000011000001100000011000000100000011000001100000010000001100000110000001000000110000001000000000000000000000000000000000000000000000000000000000000000000000000000000000000000000011100000000000000000000000000000000000111000000000000000000000000000000000000000000000000000000000000000000000000000001111000000000000000000000000001111111111111111
111111111111111111111000000000001111111111111111111111111111111111111111111111111111111111111111111111111111111111111111111111111111111111111111111111111111111111111111111111111111111000000000000000000000000000111111111111111111111111111111111111111111111111111111111111111111000000000000000000000000000000000000011111111111111111111111111111111111111111111111111111111111111111111111111111111100000000000000000000000000001111111111111111
111111111111111111111100000000000000011111111111111111111111111111111111111111111111111111111111111111111111111111111111111111111111111111111111111111111111111111111111111111111111111000000000000000000000000011110000000000000000000000000000000000000000000000000000000000000000000000000000000000000000000000000000000111111111111111111111111111111111111111111111111111111111111111111111111111100000000000000000000000000000011111111111111111
111111111111111111111111100000000000001111111111111111111111111111111111111111111111111111111111111111111111111111111111111111111111111111111111111111111111111111111111111111111111111000000000000000000000000111000000000000000000000000000000000000000000000000000000000000000000000000000000000000000000000000000000000000000000000000000000000000000000000000000000000000000000000000000000000000000000000000000000000000000000111111111111111111
111111111111111111111111111111111111111111111111111111111111111111111111111111111111111111111111111111111111111111111111111111111111111111111111111111111111111111111111111111111111111000000000000000000000000110000000000000000000000000000000000000000000000000000000000000000000000000000000000000000000000000000000000000000000000000000000000000000000000000000000000000000000000000000000000000000000000000000000000000000011111111111111111111
111111111111111111111111111111111111111111111111111111111111111111111111111111111111111111111111111111111111111111111111111111111111111111111111111111111111111111111111111111111111111111111111111111111111111110000000000000000000000000000000000000000000000000000000000000000000000000000000000000000000000000000000000000000000000000000000000000000000000000000000000000000000000000000000000000000000000000000000000000000111111111111111111111
111111111111111111111111111111111111111111111111111111111111111111111111111111111111111111111111111111111111111111111111111111111111111111111111111111111111111111111111111111111111111111000000000000000000000000000000000000000000000000000000000000000000000000000000000000000000000000000000000000000000000000000000000000000000000000000000000000000000000000000000000000000000000000000000000000000000000000000000000000011111111111111111111111
111111111111111111111111111111111111111111111111111111111111111111111111111111111111111111111111111111111111111111111111111111111111111111111111111111111111111111111111111111111111111111000000000000000000000000000000000000000000000000000000000000000000000000000000000000000000000000000000000000000000000000000000000000000000000000000000000000000000000000000000000000000000000000000000000000000000000000000000000001111111111111111111111111
111111111111111111111111111111111111111111111111111111111111111111111111111111111111111111111111111111111111111111111111111111111111111111111111111111111111111111111111111111111111111111111111111111111111111111111111111111111111111111111111111111111111111111111111111111111111111111111111111111111111111111111111111111111111111111111111111111111111111111111111111111111111111111111111111111111111111111111111111111111111111111111111111111
111111111111111111111111111111111111111111111111111111111111111111111111111111111111111111111111111111111111111111111111111111111111111111111111111111111111111111111111111111111111111111111111111111111111111111111111111111111111111111111111111111111111111111111111111111111111111111111111111111111111111111111111111111111111111111111111111111111111111111111111111111111111111111111111111111111111111111111111111111111111111111111111111111
111111111111111111111111111111111111111111111111111111111111111111111111111111111111111111111111111111111111111111111111111111111111111111111111111111111111111111111111111111111111111111111111111111111111111111111111111111111111111111111111111111111111111111111111111111111111111111111111111111111111111111111111111111111111111111111111111111111111111111111111111111111111111111111111111111111111111111111111111111111111111111111111111111
111111111111111111111111111111111111111111111111111111111111111111111111111111111111111111111111111111111111111111111111111111111111111111111111111111111111111111111111111111111111111111111111111111111111111111111111111111111111111111111111111111111111111111111111111111111111111111111111111111111111111111111111111111111111111111111111111111111111111111111111111111111111111111111111111111111111111111111111111111111111111111111111111111
111111111111111111111111111111111111111111111111111111111111111111111111111111111111111111111111111111111111111111111111111111111111111111111111111111111111111111111111111111111111111111111111111111111111111111111111111111111111111111111111111111111111111111111111111111111111111111111111111111111111111111111111111111111111111111111111111111111111111111111111111111111111111111111111111111111111111111111111111111111111111111111111111111
