11111111111111111111111111111111111111111111111111
10000100000000000000000010000000000000000000100001
10000100000000000000000010000000000000000000100001
10000100000000000000000010000000000000000000100001
10000100000000000000000010000000000000000000100001
10000100001111110000111111111111111000010000100001
10000000001000000000000010000000000000010000100001
10000000001000000000000010000000000000010000100001
10000000001000000000000010000000000000010000100001
10000000001000000000000010000000000000010000100001
10000111111000010000111110000111111111110000100001
10000000001000010000100000000000000000000000100001
10000000001000010000100000000000000000000000100001
10000000001000010000100000000000000000000000100001
10000000001000010000100000000000000000000000100001
11111111111000010000100001000010000111111111100001
10000000000000010000000001000010000000000000000001
10000000000000010000000001000010000000000000000001
10000000000000010000000001000010000000000000000001
10000000000000010000000001000010000000000000000001
10000111111111110000111111111111111100001111111111
10000000000000010000100000000010000100000000000001
10000000000000010000100000000010000100000000000001
10000000000000010000100000000010000100000000000001
10000000000000010000100000000010000100000000000001
11111100001111111111100001000010000111111111100001
10000000001000000000000001000010000000000000100001
10000000001000000000000001000010000000000000100001
10000000001000000000000001000010000000000000100001
10000000001000000000000001000010000000000000100001
10000111111000011111111111000010000111111111100001
10000000000000010000000000000010000000000000000001
10000000000000010000000000000010000000000000000001
10000000000000010000000000000010000000000000000001
10000000000000010000000000000010000000000000000001
11111100001111110000111111111111111111110000100001
10000000000000010000100001000000000000000000100001
10000000000000010000100001000000000000000000100001
10000000000000010000100001000000000000000000100001
10000000000000010000100001000000000000000000100001
10000111111111110000100001111110000000000000100001
10000000010000000000100001000000000100000000100001
10000000010000000000100001000000000100000000100001
10000000010000000000100001000000000100000000100001
10000000010000111111100001000000000111111111100001
10000100000000000000000000000000000100000000000001
10000100000000000000000000000000000100000000000001
10000100000000000000000000000000000100000000000001
10000100000000000000000000000000000100000000000001
11111111111111111111111111111111111111111111111111
