空白地图seed1
[(41, 31), (12, 21), (2, 8), (33, 29), (35, 34), (31, 0), (4, 6), (42, 47), (32, 29), (32, 2), (39, 28), (35, 4), (10, 41), (21, 11), (16, 22), (26, 11), (28, 29), (35, 40), (6, 7), (25, 27), (32, 43), (4, 29), (31, 36), (33, 24), (19, 23), (19, 44), (6, 5), (28, 33), (46, 37), (15, 41)]

普通地图seed1
[(15, 46), (43, 19), (20, 33), (13, 12), (19, 47), (28, 10), (23, 24), (1, 38), (14, 4), (29, 37), (20, 44), (49, 45), (16, 44), (7, 14), (34, 8), (17, 48), (38, 20), (22, 2), (47, 16), (32, 44), (18, 49), (14, 37), (38, 21), (23, 9), (43, 21), (25, 37), (29, 39), (6, 17), (39, 45), (1, 7)]

迷宫地图seed5
[(46, 22), (21, 42), (18, 42), (5, 19), (18, 18), (36, 9), (8, 27), (32, 44), (19, 10), (40, 17), (41, 19), (4, 16), (3, 39), (47, 3), (37, 19), (46, 33), (22, 12), (6, 35), (32, 38), (11, 25), (1, 36), (26, 14), (17, 5), (26, 47), (42, 41), (42, 46), (11, 21), (16, 24), (9, 12), (24, 1)]

狭窄地图seed1
[(30, 23), (6, 14), (26, 26), (8, 10), (30, 9), (21, 43), (4, 21), (42, 22), (2, 9), (35, 33), (6, 17), (42, 20), (27, 4), (14, 17), (14, 10), (30, 26), (38, 22), (15, 20), (28, 29), (27, 30), (30, 33), (46, 33), (8, 24), (21, 8), (2, 19), (23, 44), (26, 42), (19, 7), (13, 40), (46, 26)]