11111111111111111111111111111111111111111111111111
11111111110001111111111111111111111111111111111111
11111111100000111110011111111111111111111111111111
11111110000000001110001111111111111111111111111111
11111100001100000100000111111111111111111111111111
11111100001100000000100011111111111111111111111111
11111110002100000000110001111111111111111111111111
11111111000001000000010001111001011111111111111111
11111111100001100000011001111001011111111111111111
11111111110001111000000011111000001111111111111111
11111111100000111111100111111000001111111111111111
11111111100000111111110001111001000111111111111111
11100111000000000111100000011111000000001111111111
11000011100010001011000000001111111000000111111111
10000001100000100011000100001111111000000111111111
10001000100000100111000000001111111000000011111111
11000110001111001111110000111111111100000000011111
11100110001110000111110001111111111000001000001111
11100000111111100011111011111111110000011000000011
11111000111111110011111111111111100011111000000001
11000110011100111000111111111110001111111000000001
10000110000000111100011111111110111111111000000001
10001100000000111110001111111110111111110000000001
11000000100100111111100111110000111111100000000001
11100001100011111111110000000011111100000000000001
11111000000011111111110000000001111100000020000011
10000100001111111111110000000000111100000000000111
10000100011111111111100000100000011100000000001111
10000000010001111110001000000001001110000000010111
11100011000011111100111000000011100110000000001111
11000111000011111100111000000010000110100111111111
10000110010011111001111100111111000011111111111111
11000000111111100011111100111110000001111111111111
11100000111111100111111110111110000001111111111111
11110000011111100111111110011110000001100111111111
11111100001111100111111110011110000001100111111111
11111111000111110000000111001111111000001111111111
11111111100000000000000111101111111110000111111111
11111111100000000001100111100111111110000111111111
11111111111111100001100011100000011100010011111111
11111111111111110000000011110000001000000011111111
11111111111111111100000001111111000010001111111111
11111111111111111100000000001111100000011111111111
11111111111111111111111000000111100000111111111111
11111111111111111111111000100111110000111111111111
11111111111111111111111000000111100011111111111111
11111111111111111111111100000011000111111111111111
11111111111111111111111110000000001111111111111111
11111111111111111111111111111111111111111111111111
11111111111111111111111111111111111111111111111111
